Aaron Farris
0	5.937 [1]
1	31.95 [2]
2	32.849 [2]
3	32.314 [2]
4	32.348 [2]
5	31.839 [2]
6	32.094 [2]
7	33.555 [3]
8	31.848 [3]
9	31.912 [3]
10	31.724 [3]
11	32.159 [3]
12	31.679 [3]
13	31.89 [3]
14	31.797 [3]
15	31.495 [3]
16	31.514 [3]
17	31.433 [3]
18	31.461 [3]
19	31.569 [3]
20	31.811 [3]
21	31.841 [3]
22	31.535 [3]
23	31.306 [3]
24	31.467 [3]
25	31.715 [3]
26	31.782 [2]
27	32.076 [2]
28	31.438 [2]
29	31.843 [2]
30	31.562 [2]
31	32.199 [2]
32	31.84 [2]
33	32.052 [2]
34	32.204 [2]
35	31.299 [2]
36	31.558 [2]
37	31.78 [2]
38	32.589 [3]
39	32.068 [3]
40	31.72 [3]
41	31.767 [3]
42	32.292 [3]
43	32.061 [3]
44	31.548 [3]
45	31.139 [3]
46	31.813 [3]
47	31.572 [3]
48	31.259 [3]
49	30.943 [3]
50	32.111 [3]
51	31.206 [3]
52	32.01 [3]
53	31.418 [3]
54	31.623 [3]
55	31.4 [3]
56	31.735 [3]
57	32.173 [3]
58	31.891 [3]
59	32.636 [3]
60	31.713 [3]
61	31.526 [3]
62	31.667 [3]
63	31.027 [3]
64	32.326 [3]
65	31.375 [3]
66	31.618 [3]
67	31.535 [3]
68	31.271 [3]
69	31.433 [3]
70	35.226 [3]
71	31.229 [3]
72	31.406 [3]
73	31.16 [3]
74	31.185 [3]
75	31.959 [2]
76	31.913 [2]
77	31.826 [2]
78	31.758 [2]
79	31.579 [2]
80	31.777 [2]
81	31.752 [2]
82	31.676 [2]
83	31.735 [2]
84	31.621 [2]
	
WelcomeToTheJungho
0	6.503 [1]
1	32.095 [3]
2	32.379 [3]
3	32.346 [3]
4	32.488 [3]
5	31.888 [3]
6	31.869 [3]
7	32.695 [2]
8	32.018 [2]
9	31.394 [2]
10	31.741 [2]
11	32.024 [2]
12	31.248 [2]
13	31.47 [2]
14	31.434 [2]
15	32.046 [2]
16	31.39 [2]
17	31.951 [2]
18	31.859 [2]
19	31.973 [2]
20	31.688 [2]
21	31.387 [2]
22	31.465 [2]
23	31.387 [2]
24	32.174 [2]
25	31.496 [2]
26	32.86 [3]
27	31.935 [3]
28	31.933 [3]
29	31.349 [3]
30	31.431 [3]
31	32.483 [3]
32	31.487 [3]
33	32.144 [3]
34	32.502 [3]
35	31.543 [3]
36	31.557 [3]
37	31.321 [3]
38	31.873 [2]
39	31.587 [2]
40	31.672 [2]
41	31.619 [2]
42	32.473 [2]
43	31.964 [2]
44	31.602 [2]
45	31.487 [2]
46	31.734 [2]
47	31.435 [2]
48	31.044 [2]
49	31.069 [2]
50	31.989 [2]
51	31.528 [2]
52	31.627 [2]
53	31.574 [2]
54	31.699 [2]
55	31.334 [2]
56	31.723 [2]
57	32.403 [2]
58	31.512 [2]
59	33.251 [2]
60	31.712 [2]
61	31.514 [2]
62	31.202 [2]
63	31.212 [2]
64	31.305 [2]
65	31.896 [2]
66	32.08 [2]
67	31.297 [2]
68	31.287 [2]
69	31.883 [2]
70	33.131 [2]
71	31.63 [2]
72	31.446 [2]
73	31.945 [2]
74	31.848 [2]
75	33.245 [3]
76	33.064 [3]
77	31.465 [3]
78	32.323 [3]
79	31.673 [3]
80	32.15 [3]
81	31.786 [3]
82	31.742 [3]
83	32.052 [3]
84	32.162 [3]
	
Nicholas Xu
0	5.571 [1]
1	31.179 [1]
2	31.039 [1]
3	31.308 [1]
4	31.157 [1]
5	31.453 [1]
6	31.273 [1]
7	31.31 [1]
8	31.072 [1]
9	30.973 [1]
10	30.975 [1]
11	31.032 [1]
12	31.068 [1]
13	30.865 [1]
14	30.832 [1]
15	31.013 [1]
16	31.016 [1]
17	31.129 [1]
18	31.078 [1]
19	31.09 [1]
20	30.965 [1]
21	30.681 [1]
22	30.958 [1]
23	31.051 [1]
24	30.902 [1]
25	30.824 [1]
26	31.282 [1]
27	30.969 [1]
28	30.984 [1]
29	30.828 [1]
30	30.724 [1]
31	30.661 [1]
32	30.752 [1]
33	30.979 [1]
34	30.774 [1]
35	31.253 [1]
36	31.881 [1]
37	31.178 [1]
38	31.314 [1]
39	32.035 [1]
40	31.627 [1]
41	31.504 [1]
42	31.564 [1]
43	32.495 [1]
44	32.036 [1]
45	31.493 [1]
46	31.457 [1]
47	31.744 [1]
48	31.409 [1]
49	31.039 [1]
50	31.156 [1]
51	31.988 [1]
52	31.537 [1]
53	31.803 [1]
54	31.312 [1]
55	31.779 [1]
56	31.298 [1]
57	31.68 [1]
58	32.391 [1]
59	31.545 [1]
60	33.734 [1]
61	31.84 [1]
62	31.319 [1]
63	31.64 [1]
64	31.089 [1]
65	31.422 [1]
66	31.018 [1]
67	32.028 [1]
68	31.354 [1]
69	31.61 [1]
70	31.551 [1]
71	34.408 [1]
72	31.105 [1]
73	30.877 [1]
74	31.697 [1]
75	31.988 [1]
76	33.486 [1]
77	32.752 [1]
78	31.452 [1]
79	32.104 [1]
80	37.279 [1]
81	31.159 [1]
82	31.423 [1]
83	30.788 [1]
84	30.942 [1]
85	30.804 [1]
